lOOm 200 m 400 m 800 m 1500 m 3000 m
Country (s) (s) (s) (min) (min) (min)
Argentina 11.57 22.94 52.50 2.05 4.25 9.19
Australia 11.12 -22.23 48.63 1.98 4.02 8.63
Austria 11.15 22.70 50.62 1.94 4.05 8.78
Belgium 11.14 22.48 51.45 1.97 4.08 8.82
Bermuda 11.46 23.05 53.30 2.07 4.29 9.81
Brazil 11.17 22.60 50.62 1.97 4.17 9.04
Canada 10.98 22.62 49.91- 1.97 4.00 8.54
Chile 11.65 23.84 53.68 2.00 4.22 9.26
China 10.79 22.01 49.81 1.93 3.84 8.10
Columbia 11.31 22.92 49.64 2.04 4.34 9.37
Cook Islands 12.52 25.91 61.65 2.28 4.82 11.10
Costa Rica 11.72 23.92 52.57 2.10 4.52 9.84
Czech Republic 11.09 21.97 47.99 1.89 4.03 8.87
Denmark 11.42 23.36 52.92 2.02 4.12 8.71
Dominican Republic 11.63 23.91 53.02 2.09 4.54 9.89
Finland 11.13 22.39 50.14 2.01 4.10 8.69
France 10.73 21.99 48.25 1.94 4.03 8.64
Germany 10.81 21.71 47.60 1.92 3.96 8.51
Great Britain 11.10 22.10 49.43 1.94 3.97 8.37
Greece 10.83 22.67 50.56 2.00 4.09 8.96
Guatemala 11.92 24.50 55.64 2.15 4.48 9.71
Hungary 11.41 23.06 51.50 1.99 4.02 8.55
India 11.56 23.86 55.08 2.10 4.36 9.50
Indonesia 11.38 22.82 51.05 2.00 4.10 9.11
Ireland 11.43 23.02 51.07 2.01 3.98 8.36
Israel 11.45 23.15 52.06 2.07 4.24 9.33
Italy 11.14 22.60 51.31 1.96 3.98 8.59
Japan 11.36 23.33 51.93 2.01 4.16 8.74
Kenya 11.62 23.37 51.56 1.97 3.96 8.39
Korea, South 11.49 23.80 53.67 2.09 4.24 9.01
Korea, North 11.80 25.10 56.23 1.97 4.25 8.96
Luxembourg 11.76 23.96 56:07 2.07 4.35 9.21
Malaysia 11.50 23.37 52.56 2.12 4.39 9.31
Mauritius 11.72 23.83 54.62 2.06 4.33 9.24
Mexico 11.09 23.13 48.89 2.02 4.19 8.89
Myanmar(Burma) 11.66 23.69 52.96 2.03 4.20 9.08
Netherlands 11.08 22.81 51.35 1.93 4.06 8.57
New Zealand 11.32 23.13 51.60 1.97 4.10 8.76
Norway 11.41 23.31 52.45 2.03 4.01 8.53
Papua New Guinea 11.96 24.68 55.18 2.24 4.62 10.21
Philippines 11.28 23.35 54.75 2.12 4.41 9.81
Poland 10.93 22.13 49.28 1.95 3.99 8.53
Portugal 11.30 22.88 51.92 1.98 3.96 8.50
Romania 11.30 22.35 49.88 1.92 3.90 8.36
Russia 10.77 21.87 49.11 1.91 3.87 8.38
Samoa 12.38 25.45 56.32 2.29 5.42 13.12
Marathon
(min)
150.32
143.51
154.35
143.05
174.18
147.41
148.36
152.23
139.39
155.19
212.33
164.33
145.19
149.34
166.46
148.00
148.27
141.45
135.25
153.40
171.33
148.50
154.29
158.10
142.23
156.36
143.47
139.41
138.47
146.12
145.31
149.23
169.28
167.09
144.06
158.42
143.43
146.46
141.06
221.14
165.48
144.18
143.29
142.50
141.31
191.58 