1 1.103 1.052 2.139 2.238 .873 .872 
2 .842 .859 1.873 1.741 .590 .744 
3 .925 .873 1.887 1.809 .767 .713 
4 .857 .744 1.739 1.547 .706 .674 
5 .795 .809 1.734 1.715 .549 .654 
6 .787 .779 1.509 1.474 .782 .571 
7 .933 .880 1.695 1.656 .737 .803 
8 .799 .851 1.740 1.777 .618 .682 
9 .945 .876 1.811 1.759 .853 .777 
10 .921 .906 1.954 2.009 .823 .765 
11 .792 .825 1.624 1.657 .686 .668 
12 .815 .751 2.204 1.846 .678 .546 
13 .755 .724 1.508 1.458 .662 .595 
14 .880 .866 1.786 1.811 .810 .819 
15 .900 .838 1.902 1.606 .723 .677 
16 .764 .757 1.743 1.794 .586 .541 
17 .733 .748 1.863 1.869 .672 .752 
18 .932 .898 2.028 2.032 .836 .805 
19 .856 .786 1.390 1.324 .578 .610 
20 .890 .950 2.187 2.087 .758 .718 
21 .688 .532 1.650 1.378 .533 .482 
22 .940 .850 2.334 2.225 .757 .731 
23 .493 .616 1.037 1.268 .546 .615 
24 .835 .752 1.509 1.422 .618 .664 
25 .915 .936 1.971 1.869 .869 .868